-33492
9338
-2499
-41714
-18190
-20423
-34415
13831
-19450
-42003
4995
-20135
1023
-28238
10738
-15570
-124
10679
-32333
-9208
3633
32919
45803
-11402
14537
-28525
41473
-5914
10915
47346
11614
5269
24050
-642
-15372
-18990
-14996
13141
-572
4772
21903
-41542
571
-27949
7551
30598
14365
-8288
-14008
16863
-12788
-21108
25363
-15010
25669
-6457
1190
21371
-19395
33822
-15579
-4388
-33087
20471
-20966
-12739
8874
-6189
-24834
-39937
-50227
35944
-39158
5447
-21698
8391
8966
-6770
7459
-866
2287
33909
-741
-26297
-2403
26990
-4355
1831
-3578
-51245
17608
-17315
-32654
-5350
-9202
13342
-2012
9578
-22450
-8446
9671
-2734
38494
-24268
34753
7641
13479
11745
33769
49997
37703
-16798
12949
14545
24155
-27988
-13908
2891
-42155
10318
-6585
-17940
-21567
4037
-23916
-40604
-17061
11653
5876
-31727
19897
19529
4445
-22030
-30528
20132
5566
33008
-54398
5229
4276
-45931
-18780
-3708
-12960
22640
-36262
-22294
-18169
40283
-7712
-30863
-26206
-6598
35249
-21702
1348
-210
39244
29764
6811
-8073
-23110
-11813
10212
-22245
14220
-11448
11241
32936
-50159
27052
-1814
-7834
9357
11755
1266
14733
41176
20639
3994
26829
-27636
3404
8289
-6782
-10925
4270
-33551
-10234
-11663
11746
21286
12682
-4850
41130
1045
41326
28773
2557
35560
-8075
16803
-5234
-18895
48847
-4138
26161
11422
-25529
-17780
25519
-18718
-17248
-36257
30512
-18468
-10894
1001
-21348
-18310
11595
-19639
-2209
-7441
3757
-33556
-21060
-17418
31131
24036
-34705
18106
-12935
16756
-5567
31351
60649
53146
-5461
7164
-13888
-56180
-28625
-24983
11052
14391
-33943
23249
-4605
-28857
7259
5437
21535
7679
-22459
